11111113            
11111114            
11111115            
11111116            
11111117            
11111117            
11111117            
11111118            
111111187           
11111119            
11111120            
11111121            
11111122            
11111123            
11111124            
11111125            
11111126            
11111127            
11111128            
11111129            
11111130            
11111131            
11111132            
11111133            
11111134            
11111135            
11111136            
11111137            
11111138            
11111139            
11111140            
11111141            
11111142            
11111143            
11111144            
11111145            
11111146            
11111147            
11111148            
11111149            
11111150            
11111151            
11111152            
11111153            
11111154            
11111155            
11111156            
11111157            
11111158            
11111159            
11111160            
11111161            
11111162            
11111163            
11111164            
11111165            
11111166            
11111167            
11111168            
11111169            
11111170            
11111171            
11111172            
11111173            
11111174            
11111175            
11111176            
11111177            
11111178            
11111179            
11111180            
11111181            
11111182            
11111183            
11111184            
11111185            
11111186            
11111187            
11111188            
11111189            
11111190            
11111191            
11111192            
11111193            
11111194            
11111195            
11111196            
11111197            
11111198            
11111199            
11111200            
11111201            
11111202            
11111203            
11111204            
11111205            
11111206            
11111207            
11111208            
11111209            
11111210            
11111211            
11111212            
11111213            
11111214            
11111215            
11111216            
11111217            
11111218            
11111219            
11111220            
11111221            
11111222            
11111223            
11111224            
11111225            
11111226            
11111227            
11111228            
11111229            
11111230            
11111231            
11111232            
11111233            
11111234            
11111235            
11111236            
11111237            
11111238            
11111239            
11111240            
11111241            
11111242            
11111243            
11111244            
11111245            
11111246            
11111247            
11111248            
11111249            
11111250            
11111251            
11111252            
11111253            
11111254            
11111255            
11111256            
11111257            
11111258            
11111259            
11111260            
11111261            
11111262            
11111263            
11111264            
11111265            
11111266            
11111267            
11111268            
11111269            
11111270            
11111271            
11111272            
11111273            
11111274            
11111275            
11111276            
11111277            
11111278            
11111279            
11111280            
11111281            
11111282            
11111283            
11111284            
11111285            
11111286            
11111287            
11111288            
11111289            
11111290            
11111291            
11111292            
11111293            
11111294            
11111295            
11111296            
11111297            
11111298            
11111299            
11111300            
11111301            
11111302            
11111303            
11111304            
11111305            
11111306            
11111307            
11111308            
11111309            
11111310            
11111311            
11111312            
11111313            
11111314            
11111315            
11111316            
11111317            
11111318            
11111319            
11111320            
11111321            
11111322            
11111323            
11111324            
11111325            
11111326            
11111327            
11111328            
11111329            
11111330            
11111331            
11111332            
11111333            
11111334            
11111335            
11111336            
11111337            
11111338            
11111339            
11111340            
11111341            
11111342            
11111343            
11111344            
11111345            
11111346            
11111347            
11111348            
11111349            
11111350            
11111351            
11111352            
11111353            
11111354            
11111355            
11111356            
11111357            
11111358            
11111359            
11111360            
11111361            
11111362            
11111363            
11111364            
11111365            
11111366            
11111367            
11111368            
11111369            
11111370            
11111371            
11111372            
11111373            
11111374            
11111375            
11111376            
11111377            
11111378            
11111379            
11111380            
11111381            
11111382            
11111383            
11111384            
11111385            
11111386            
11111387            
11111388            
11111389            
11111390            
11111391            
11111392            
11111393            
11111394            
11111395            
11111396            
11111397            
11111398            
11111399            
11111400            
11111401            
11111402            
11111403            
11111404            
11111405            
11111406            
11111407            
11111408            
11111409            
11111410            
11111411            
11111412            
11111413            
11111414            
11111415            
11111416            
11111417            
11111418            
11111419            
11111420            
11111421            
11111422            
11111423            
11111424            
11111425            
11111426            
11111427            
11111428            
11111429            
11111430            
11111431            
11111432            
11111433            
11111434            
11111435            
11111436            
11111437            
11111438            
11111439            
11111440            
11111441            
11111442            
11111443            
11111444            
11111445            
11111446            
11111447            
11111448            
11111449            
11111450            
11111451            
11111452            
11111453            
11111454            
11111455            
11111456            
11111457            
11111458            
11111459            
11111460            
11111461            
11111462            
11111463            
11111464            
11111465            
11111466            
11111467            
11111468            
11111469            
11111470            
11111471            
11111472            
11111473            
11111474            
11111475            
11111476            
11111477            
11111478            
11111479            
11111480            
11111481            
11111482            
11111483            
11111484            
11111485            
11111486            
11111487            
11111488            
11111489            
11111490            
11111491            
11111492            
11111493            
11111494            
11111495            
11111496            
11111497            
11111498            
11111499            
11111500            
11111501            
11111502            
11111503            
11111504            
11111505            
11111506            
11111507            
11111508            
11111509            
11111510            
11111511            
11111512            
11111513            
11111514            
11111515            
11111516            
11111517            
11111518            
11111519            
11111520            
11111521            
11111522            
11111523            
11111524            
11111525            
11111526            
11111527            
11111528            
11111529            
11111530            
11111531            
11111532            
11111533            
11111534            
11111535            
11111536            
11111537            
11111538            
11111539            
11111540            
11111541            
11111542            
11111543            
11111544            
11111545            
11111546            
11111547            
11111548            
11111549            
11111550            
11111551            
11111552            
11111553            
11111554            
11111555            
11111556            
11111557            
11111558            
11111559            
11111560            
11111561            
11111562            
11111563            
11111564            
11111565            
11111566            
11111567            
11111568            
11111569            
11111570            
11111571            
11111572            
11111573            
11111574            
11111575            
11111576            
11111577            
11111578            
11111579            
11111580            
11111581            
11111582            
11111583            
11111584            
11111585            
11111586            
11111587            
11111588            
11111589            
11111590            
11111591            
11111592            
11111593            
11111594            
11111595            
11111596            
11111597            
11111598            
11111599            
11111600            
11111601            
11111602            
11111603            
11111604            
11111605            
11111606            
11111607            
11111608            
11111609            
11111610            
11111611            
11111612            
11111613            
11111614            
11111615            
11111616            
11111617            
11111618            
11111619            
11111620            
11111621            
11111622            
11111623            
11111624            
11111625            
11111626            
11111627            
11111628            
11111629            
11111630            
11111631            
11111632            
11111633            
11111634            
11111635            
11111636            
11111637            
11111638            
11111639            
11111640            
11111641            
11111642            
11111643            
11111644            
11111645            
11111646            
11111647            
11111648            
11111649            
11111650            
11111651            
11111652            
11111653            
11111654            
11111655            
11111656            
11111657            
11111658            
11111659            
11111660            
11111661            
11111662            
11111663            
11111664            
11111665            
11111666            
11111667            
11111668            
11111669            
11111670            
11111671            
11111672            
11111673            
11111674            
11111675            
11111676            
11111677            
11111678            
11111679            
11111680            
11111681            
11111682            
11111683            
11111684            
11111685            
11111686            
11111687            
11111688            
11111689            
11111690            
11111691            
11111692            
11111693            
11111694            
11111695            
11111696            
11111697            
11111698            
11111699            
11111700            
11111701            
11111702            
11111703            
11111704            
11111705            
11111706            
11111707            
11111708            
11111709            
11111710            
11111711            
11111712            
11111713            
11111714            
11111715            
11111716            
11111717            
11111718            
11111719            
11111720            
11111721            
11111722            
11111723            
11111724            
11111725            
11111726            
11111727            
11111728            
11111729            
11111730            
11111731            
11111732            
11111733            
11111734            
11111735            
11111736            
11111737            
11111738            
11111739            
11111740            
11111741            
11111742            
11111743            
11111744            
11111745            
11111746            
11111747            
11111748            
11111749            
11111750            
11111751            
11111752            
11111753            
11111754            
11111755            
11111756            
11111757            
11111758            
11111759            
11111760            
11111761            
11111762            
11111763            
11111764            
11111765            
11111766            
11111767            
11111768            
11111769            
11111770            
11111771            
11111772            
11111773            
11111774            
11111775            
11111776            
11111777            
11111778            
11111779            
11111780            
11111781            
11111782            
11111783            
11111784            
11111785            
11111786            
11111787            
11111788            
11111789            
11111790            
11111791            
11111792            
11111793            
11111794            
11111795            
11111796            
11111797            
11111798            
11111799            
11111800            
11111801            
11111802            
11111803            
11111804            
11111805            
11111806            
11111807            
11111808            
11111809            
11111810            
11111811            
11111812            
11111813            
11111814            
11111815            
11111816            
11111817            
11111818            
11111819            
11111820            
11111821            
11111822            
11111823            
11111824            
11111825            
11111826            
11111827            
11111828            
11111829            
11111830            
11111831            
11111832            
11111833            
11111834            
11111835            
11111836            
11111837            
11111838            
11111839            
11111840            
11111841            
11111842            
11111843            
11111844            
11111845            
11111846            
11111847            
11111848            
11111849            
11111850            
11111851            
11111852            
11111853            
11111854            
11111855            
11111856            
11111857            
11111858            
11111859            
11111860            
11111861            
11111862            
11111863            
11111864            
11111865            
11111866            
11111867            
11111868            
11111869            
11111870            
11111871            
11111872            
11111873            
11111874            
11111875            
11111876            
11111877            
11111878            
11111879            
11111880            
11111881            
11111882            
11111883            
11111884            
11111885            
11111886            
11111887            
11111888            
11111889            
11111890            
11111891            
11111892            
11111893            
11111894            
11111895            
11111896            
11111897            
11111898            
11111899            
11111900            
11111901            
11111902            
11111903            
11111904            
11111905            
11111906            
11111907            
11111908            
11111909            
11111910            
11111911            
11111912            
11111913            
11111914            
11111915            
11111916            
11111917            
11111918            
11111919            
11111920            
11111921            
11111922            
11111923            
11111924            
11111925            
11111926            
11111927            
11111928            
11111929            
11111930            
11111931            
11111932            
11111933            
11111934            
11111935            
11111936            
11111937            
11111938            
11111939            
11111940            
11111941            
11111942            
11111943            
11111944            
11111945            
11111946            
11111947            
11111948            
11111949            
11111950            
11111951            
11111952            
11111953            
11111954            
11111955            
11111956            
11111957            
11111958            
11111959            
11111960            
11111961            
11111962            
11111963            
11111964            
11111965            
11111966            
11111967            
11111968            
11111969            
11111970            
11111971            
11111972            
11111973            
11111974            
11111975            
11111976            
11111977            
11111978            
11111979            
11111980            
11111981            
11111982            
11111983            
11111984            
11111985            
11111986            
11111987            
11111988            
11111989            
11111990            
11111991            
11111992            
11111993            
11111994            
11111995            
11111996            
11111997            
11111998            
11111999            
11112000            
11112001            
11112002            
11112003            
11112004            
11112005            
11112006            
11112007            
11112008            
11112009            
11112010            
11112011            
11112012            
11112013            
11112014            
11112015            
11112016            
11112017            
11112018            
11112019            
11112020            
11112021            
11112022            
11112023            
11112024            
11112025            
11112026            
11112027            
11112028            
11112029            
11112030            
11112031            
11112032            
11112033            
11112034            
11112035            
11112036            
11112037            
11112038            
11112039            
11112040            
11112041            
11112042            
11112043            
11112044            
11112045            
11112046            
11112047            
11112048            
11112049            
11112050            
11112051            
11112052            
11112053            
11112054            
11112055            
11112056            
11112057            
11112058            
11112059            
11112060            
11112061            
11112062            
11112063            
11112064            
11112065            
11112066            
11112067            
11112068            
11112069            
11112070            
11112071            
11112072            
11112073            
11112074            
11112075            
11112076            
11112077            
11112078            
11112079            
11112080            
11112081            
11112082            
11112083            
11112084            
11112085            
11112086            
11112087            
11112088            
11112089            
11112090            
11112091            
11112092            
11112093            
11112094            
11112095            
11112096            
11112097            
11112098            
11112099            
11112100            
11112101            
11112102            
11112103            
11112104            
11112105            
11112106            
11112107            
11112108            
11112109            
11112110            
11117354            
11117355            
2015121401          
2015121501          
2016030301          
2016031101          
22                  
6                   
69696868            
69696969            
69696969            
69696969            
69696969            
8888888888          
9                   
91919191919191      
JOTA2015102001      
JOTA2015102101      
JOTA2015102101      
JOTA2015102101      
JOTA2015102103      
JOTACALDERON14102015
jotajotajota123     
jotajotajota1234    
jotajotajota1235    
jotajotajota1236    
jotajotajota33      
jotajotajota3333    
